
my_var1 <- 42
my_var2 <- 35.25

my_var1 + 100

my_var1 + my_var2 - 12

my_var3 <- my_var1^2 + my_var2^2

my_var3

my_var3 > 200

my_var1 == my_var2

a <- 34
a = 3

a == 34
 my_var1 != my_var2
 
 my_new_var <- my_var1 == my_var2
