1: 67

my_vector1 <- 1 : 67
my_vector2 <- c(-32, 45, 67, 12.78, 129, 0, -65)

my_vector1[1]
my_vector1[3]

my_vector2[2]

my_vector2[c(1,2,3)]
my_vector2[2:5]

my_vector2[c(2,5,20,3)]
my_vector2[7:3]

the_best_vector <- c(1:5000, 7000:10000)
the_best_vector = c(c(1:5000), c(7000:10000))
the_best_vector[5001:5006]

my_numbers_1 <- c(6, 13, 13, 1, 18, 15, 6, 13, 19, 17, 19, 17, 18, 6, 0, 15, 10, 19, 10, 15)
my_numbers_2 <- my_numbers_1[c(2, 5, 7, 9, 12, 16, 20)]


